# Read Space Group Number from the SYMMETRY.in file if it exists. 
  166          #Space group number of the input structure
 
Symmetry Operation:    36
  1  0  0
  0  1  0
  0  0  1
 
 -1  0  0
  0 -1  0
  0  0 -1
 
  0 -1  0
  1 -1  0
  0  0  1
 
  0  1  0
 -1  1  0
  0  0 -1
 
 -1  1  0
 -1  0  0
  0  0  1
 
  1 -1  0
  1  0  0
  0  0 -1
 
  0  1  0
  1  0  0
  0  0 -1
 
  0 -1  0
 -1  0  0
  0  0  1
 
  1 -1  0
  0 -1  0
  0  0 -1
 
 -1  1  0
  0  1  0
  0  0  1
 
 -1  0  0
 -1  1  0
  0  0 -1
 
  1  0  0
  1 -1  0
  0  0  1
 
  1  0  0
  0  1  0
  0  0  1
 
 -1  0  0
  0 -1  0
  0  0 -1
 
  0 -1  0
  1 -1  0
  0  0  1
 
  0  1  0
 -1  1  0
  0  0 -1
 
 -1  1  0
 -1  0  0
  0  0  1
 
  1 -1  0
  1  0  0
  0  0 -1
 
  0  1  0
  1  0  0
  0  0 -1
 
  0 -1  0
 -1  0  0
  0  0  1
 
  1 -1  0
  0 -1  0
  0  0 -1
 
 -1  1  0
  0  1  0
  0  0  1
 
 -1  0  0
 -1  1  0
  0  0 -1
 
  1  0  0
  1 -1  0
  0  0  1
 
  1  0  0
  0  1  0
  0  0  1
 
 -1  0  0
  0 -1  0
  0  0 -1
 
  0 -1  0
  1 -1  0
  0  0  1
 
  0  1  0
 -1  1  0
  0  0 -1
 
 -1  1  0
 -1  0  0
  0  0  1
 
  1 -1  0
  1  0  0
  0  0 -1
 
  0  1  0
  1  0  0
  0  0 -1
 
  0 -1  0
 -1  0  0
  0  0  1
 
  1 -1  0
  0 -1  0
  0  0 -1
 
 -1  1  0
  0  1  0
  0  0  1
 
 -1  0  0
 -1  1  0
  0  0 -1
 
  1  0  0
  1 -1  0
  0  0  1
 
